   1.0000000000000000E-003  -4.6001263160047332E-003
   4.2625000000000003E-002   3.7024500111379373E-002
   8.4250000000000005E-002   7.8649498197773907E-002
  0.12587500000000001       0.12027449783139403     
  0.16750000000000001       0.16189949770174977     
  0.20912500000000001       0.20352449764141053     
  0.25075000000000003       0.24514949760852373     
  0.29237500000000000       0.28677449758864926     
  0.33400000000000002       0.32839949757572912     
  0.37562500000000004       0.37002449756686023     
  0.41725000000000001       0.41164949756051028     
  0.45887500000000003       0.45327449755580845     
  0.50050000000000006       0.49489949755223012     
  0.54212500000000008       0.53652449754944376     
  0.58374999999999999       0.57814949754723188     
  0.62537500000000001       0.61977449754544689     
  0.66700000000000004       0.66139949754398542     
  0.70862500000000006       0.70302449754277385     
  0.75025000000000008       0.74464949754175835     
  0.79187500000000000       0.78627449754089862     
  0.83350000000000002       0.82789949754016456     
  0.87512500000000004       0.86952449753953265     
  0.91675000000000006       0.91114949753898489     
  0.95837500000000009       0.95277449753850696     
   1.0000000000000000       0.99439949753808732     
