   0.00000000       7.80000019    
  0.100000001       7.62000036    
  0.200000003       7.45900059    
  0.300000012       7.31605053    
  0.400000006       7.19024801    
  0.500000000       7.08073568    
  0.600000024       6.98669910    
  0.700000048       6.90736437    
  0.800000072       6.84199619    
  0.900000095       6.78989649    
   1.00000012       6.75040150    
   1.10000014       6.72288132    
   1.20000017       6.70673704    
   1.30000019       6.70140028    
   1.40000021       6.70633030    
   1.50000024       6.72101402    
   1.60000026       6.74496317    
   1.70000029       6.77771521    
   1.80000031       6.81882954    
   1.90000033       6.86788797    
   2.00000024       6.92449379    
   2.10000014       6.98826933    
   2.20000005       7.05885601    
   2.29999995       7.13591337    
   2.39999986       7.21911764    
   2.49999976       7.30816174    
   2.59999967       7.40275383    
   2.69999957       7.50261593    
   2.79999948       7.60748529    
   2.89999938       7.71711111    
   2.99999928       7.83125544    
   3.09999919       7.94969273    
   3.19999909       8.07220840    
   3.29999900       8.19859791    
   3.39999890       8.32866764    
   3.49999881       8.46223450    
   3.59999871       8.59912300    
   3.69999862       8.73916626    
   3.79999852       8.88220787    
   3.89999843       9.02809715    
   3.99999833       9.17669201    
   4.09999847       9.32785702    
   4.19999838       9.48146439    
   4.29999828       9.63739109    
   4.39999819       9.79552174    
   4.49999809       9.95574570    
   4.59999800       10.1179581    
   4.69999790       10.2820597    
   4.79999781       10.4479561    
   4.89999771       10.6155577    
   4.99999762       10.7847795    
   5.09999752       10.9555407    
   5.19999743       11.1277637    
   5.29999733       11.3013754    
   5.39999723       11.4763060    
   5.49999714       11.6524906    
   5.59999704       11.8298655    
   5.69999695       12.0083723    
   5.79999685       12.1879530    
   5.89999676       12.3685551    
   5.99999666       12.5501270    
   6.09999657       12.7326202    
   6.19999647       12.9159889    
   6.29999638       13.1001892    
   6.39999628       13.2851791    
   6.49999619       13.4709196    
   6.59999609       13.6573734    
   6.69999599       13.8445044    
   6.79999590       14.0322790    
   6.89999580       14.2206650    
   6.99999571       14.4096317    
   7.09999561       14.5991497    
   7.19999552       14.7891922    
   7.29999542       14.9797325    
   7.39999533       15.1707458    
   7.49999523       15.3622084    
   7.59999514       15.5540972    
   7.69999504       15.7463923    
   7.79999495       15.9390717    
   7.89999485       16.1321182    
   7.99999475       16.3255119    
   8.09999466       16.5192356    
   8.19999504       16.7132740    
   8.29999542       16.9076099    
   8.39999580       17.1022282    
   8.49999619       17.2971172    
   8.59999657       17.4922619    
   8.69999695       17.6876488    
   8.79999733       17.8832664    
   8.89999771       18.0791035    
   8.99999809       18.2751484    
   9.09999847       18.4713917    
   9.19999886       18.6678219    
   9.29999924       18.8644314    
   9.39999962       19.0612106    
   9.50000000       19.2581501    
   9.60000038       19.4552422    
   9.70000076       19.6524811    
   9.80000114       19.8498573    
   9.90000153       20.0473652    
